JSH001,5,0,0
JSH002,9,0,0
JSH003,12,0,0
JSH004,15,0,0
JSH005,18,0,0
JSH006,21,0,0
JSH007,24,0,0
JSH008,27,0,0
JSH009,30,0,0
JSH010,33,0,0
JSH011,36,0,0
JSH012,39,0,0
JSH013,42,0,0
JSH014,45,0,0
JSH015,48,0,0
JSH016,51,0,0
JSH017,54,0,0
JSH018,57,0,0
JSH019,60,0,0
JSH020,63,0,0
JSH021,66,0,0
JSH022,69,0,0
JSH023,72,0,0
JSH024,75,0,0
JSH025,78,0,0
JSH026,81,0,0
JSH027,84,0,0
JSH028,87,0,0
JSH029,90,0,0
JSH030,93,0,0
JSH031,96,0,0
JSH032,99,0,0
JSH033,102,0,0
JSH034,105,0,0
JSH035,108,0,0
JSH036,111,0,0
JSH037,114,0,0
JSH038,117,0,0
JSH039,120,0,0
JSH040,123,0,0
JSH041,126,0,0
JSH042,129,0,0
JSH043,132,0,0
JSH044,135,0,0
JSH045,138,0,0
JSH046,141,0,0
JSH047,144,0,0
JSH048,147,0,0
JSH049,150,0,0
JSH050,153,0,0
JSH051,156,0,0
JSH052,159,0,0
JSH053,162,0,0
JSH054,165,0,0
JSH055,168,0,0
JSH056,171,0,0
JSH057,174,0,0
JSH058,177,0,0
JSH059,180,0,0
JSH060,183,0,0
JSH061,186,0,0
JSH062,189,0,0
JSH063,192,0,0
JSH064,195,0,0
JSH065,198,0,0
JSH066,201,0,0
JSH067,204,0,0
JSH068,207,0,0
JSH069,210,0,0
JSH070,213,0,0
JSH071,216,0,0
JSH072,219,0,0
JSH073,222,0,0
JSH074,225,0,0
JSH075,228,0,0
JSH076,231,0,0
JSH077,234,0,0
JSH078,237,0,0
JSH079,240,0,0
JSH080,243,0,0
JSH081,246,0,0
JSH082,249,0,0
JSH083,252,0,0
JSH084,255,0,0
JSH085,258,0,0
JSH086,261,0,0
JSH087,264,0,0
JSH088,267,0,0
JSH089,270,0,0
JSH090,273,0,0
JSH091,276,0,0
JSH092,279,0,0
JSH093,282,0,0
JSH094,285,0,0
JSH095,288,0,0
JSH096,291,0,0
JSH097,294,0,0
JSH098,297,0,0
JSH099,300,0,0
JSH100,303,0,0
JSH101,306,0,0
JSH102,309,0,0
JSH103,312,0,0
JSH104,315,0,0
JSH105,318,0,0
JSH106,321,0,0
JSH107,324,0,0
JSH108,327,0,0
JSH109,330,0,0
JSH110,333,0,0
JSH111,336,0,0
JSH112,339,0,0
JSH113,342,0,0
JSH114,345,0,0
JSH115,348,0,0
JSH116,351,0,0
JSH117,354,0,0
JSH118,357,0,0
JSH119,360,0,0
JSH120,363,0,0
JSH121,366,0,0
JSH122,369,0,0
JSH123,372,0,0
JSH124,375,0,0
JSH125,378,0,0
JSH126,381,0,0
JSH127,384,0,0
JSH128,387,0,0
JSH129,390,0,0
JSH130,393,0,0
JSH131,396,0,0
JSH132,399,0,0
JSH133,402,0,0
JSH134,405,0,0
JSH135,408,0,0
JSH136,411,0,0
JSH137,414,0,0
JSH138,417,0,0
JSH139,420,0,0
JSH140,423,0,0
JSH141,426,0,0
JSH142,429,0,0
JSH143,432,0,0
JSH144,435,0,0
JSH145,438,0,0
JSH146,441,0,0
JSH147,444,0,0
JSH148,447,0,0
JSH149,450,0,0
JSH150,453,0,0
JSH151,456,0,0
JSH152,459,0,0
JSH153,462,0,0
JSH154,465,0,0
JSH155,468,0,0
JSH156,471,0,0
JSH157,474,0,0
JSH158,477,0,0
JSH159,480,0,0
JSH160,483,0,0
JSH161,486,0,0
JSH162,489,0,0
JSH163,492,0,0
JSH164,495,0,0
JSH165,498,0,0
JSH166,501,0,0
JSH167,504,0,0
JSH168,507,0,0
JSH169,510,0,0
JSH170,513,0,0
JSH171,516,0,0
JSH172,519,0,0
JSH173,522,0,0
JSH174,525,0,0
JSH175,528,0,0
JSH176,531,0,0
JSH177,534,0,0
JSH178,537,0,0
JSH179,540,0,0
JSH180,543,0,0
JSH181,546,0,0
JSH182,549,0,0
JSH183,552,0,0
JSH184,555,0,0
JSH185,558,0,0
JSH186,561,0,0
JSH187,564,0,0
JSH188,567,0,0
JSH189,570,0,0
JSH190,573,0,0
JSH191,576,0,0
JSH192,579,0,0
JSH193,582,0,0
JSH194,585,0,0
JSH195,588,0,0
JSH196,591,0,0
JSH197,594,0,0
JSH198,597,0,0
JSH199,600,0,0
JSH200,603,0,0
JSH201,606,0,0
JSH202,609,0,0
JSH203,612,0,0
JSH204,615,0,0
JSH205,618,0,0
JSH206,621,0,0
JSH207,624,0,0
JSH208,627,0,0
JSH209,630,0,0
JSH210,633,0,0
JSH211,636,0,0
JSH212,639,0,0
JSH213,642,0,0
JSH214,645,0,0
JSH215,648,0,0
JSH216,651,0,0
JSH217,654,0,0
JSH218,657,0,0
JSH219,660,0,0
JSH220,663,0,0
JSH221,666,0,0
JSH222,669,0,0
JSH223,672,0,0
JSH224,675,0,0
JSH225,678,0,0
JSH226,681,0,0
JSH227,684,0,0
JSH228,687,0,0
JSH229,690,0,0
JSH230,693,0,0
JSH231,696,0,0
JSH232,699,0,0
JSH233,702,0,0
JSH234,705,0,0
JSH235,708,0,0
JSH236,711,0,0
JSH237,714,0,0
JSH238,717,0,0
JSH239,720,0,0
JSH240,723,0,0
JSH241,726,0,0
JSH242,729,0,0
JSH243,732,0,0
JSH244,735,0,0
JSH245,738,0,0
JSH246,741,0,0
JSH247,744,0,0
JSH248,747,0,0
JSH249,750,0,0
JSH250,753,0,0
JSH251,756,0,0
JSH252,759,0,0
JSH253,762,0,0
JSH254,765,0,0
JSH255,768,0,0
JSH256,771,0,0
JSH257,774,0,0
JSH258,777,0,0
JSH259,780,0,0
JSH260,783,0,0
JSH261,786,0,0
JSH262,789,0,0
JSH263,792,0,0
JSH264,795,0,0
JSH265,798,0,0
JSH266,801,0,0
JSH267,804,0,0
JSH268,807,0,0
JSH269,810,0,0
JSH270,813,0,0
JSH271,816,0,0
JSH272,819,0,0
JSH273,822,0,0
JSH274,825,0,0
JSH275,828,0,0
JSH276,831,0,0
JSH277,834,0,0
JSH278,837,0,0
JSH279,840,0,0
JSH280,843,0,0
JSH281,846,0,0
JSH282,849,0,0
JSH283,852,0,0
JSH284,855,0,0
JSH285,858,0,0
JSH286,861,0,0
JSH287,864,0,0
JSH288,867,0,0
JSH289,870,0,0
JSH290,873,0,0
JSH291,876,0,0
JSH292,879,0,0
JSH293,882,0,0
JSH294,885,0,0
JSH295,888,0,0
JSH296,891,0,0
JSH297,894,0,0
JSH298,897,0,0
JSH299,900,0,0
JSH300,903,0,0
JSH301,906,0,0
JSH302,909,0,0
JSH303,912,0,0
JSH304,915,0,0
JSH305,918,0,0
JSH306,921,0,0
JSH307,924,0,0
JSH308,927,0,0
JSH309,930,0,0
JSH310,933,0,0
JSH311,936,0,0
JSH312,939,0,0
JSH313,942,0,0
JSH314,945,0,0
JSH315,948,0,0
JSH316,951,0,0
JSH317,954,0,0
JSH318,957,0,0
JSH319,960,0,0
JSH320,963,0,0
JSH321,966,0,0
JSH322,969,0,0
JSH323,972,0,0
JSH324,975,0,0
JSH325,978,0,0
JSH326,981,0,0
JSH327,984,0,0
JSH328,987,0,0
JSH329,990,0,0
JSH330,993,0,0
JSH331,996,0,0
JSH332,999,0,0
JSH333,1002,0,0
JSH334,1005,0,0
JSH335,1008,0,0
JSH336,1011,0,0
JSH337,1014,0,0
JSH338,1017,0,0
JSH339,1020,0,0
JSH340,1023,0,0
JSH341,1026,0,0
JSH342,1029,0,0
JSH343,1032,0,0
JSH344,1035,0,0
JSH345,1038,0,0
JSH346,1041,0,0
JSH347,1044,0,0
JSH348,1047,0,0
JSH349,1050,0,0
JSH350,1053,0,0
JSH351,1056,0,0
JSH352,1059,0,0
JSH353,1062,0,0
JSH354,1065,0,0
JSH355,1068,0,0
JSH356,1071,0,0
JSH357,1074,0,0
JSH358,1077,0,0
JSH359,1080,0,0
JSH360,1083,0,0
JSH361,1086,0,0
JSH362,1089,0,0
JSH363,1092,0,0
JSH364,1095,0,0
JSH365,1098,0,0
JSH366,1101,0,0
JSH367,1104,0,0
JSH368,1107,0,0
JSH369,1110,0,0
JSH370,1113,0,0
JSH371,1116,0,0
JSH372,1119,0,0
JSH373,1122,0,0
JSH374,1125,0,0
JSH375,1128,0,0
JSH376,1131,0,0
JSH377,1134,0,0
JSH378,1137,0,0
JSH379,1140,0,0
JSH380,1143,0,0
JSH381,1146,0,0
JSH382,1149,0,0
JSH383,1152,0,0
JSH384,1155,0,0
JSH385,1158,0,0
JSH386,1161,0,0
JSH387,1164,0,0
JSH388,1167,0,0
JSH389,1170,0,0
JSH390,1173,0,0
JSH391,1176,0,0
JSH392,1179,0,0
JSH393,1182,0,0
JSH394,1185,0,0
JSH395,1188,0,0
JSH396,1191,0,0
JSH397,1194,0,0
JSH398,1197,0,0
JSH399,1200,0,0
JSH400,1203,0,0
JSH401,1206,0,0
JSH402,1209,0,0
JSH403,1212,0,0
JSH404,1215,0,0
JSH405,1218,0,0
JSH406,1221,0,0
JSH407,1224,0,0
JSH408,1227,0,0
JSH409,1230,0,0
JSH410,1233,0,0
